epoch,N1,N2,N3,R,W
0,0.0064346654395574495,0.0003751270206173973,3.682486301936145e-06,0.005375141396988657,0.9878113836565346
1,0.0009723269346878196,0.0004039371229967274,2.0684313189819253e-05,0.00011584543623760649,0.9984872061928881
2,0.00011369024214162587,5.381464666107271e-05,7.664859437572583e-07,7.77049452562265e-05,0.9997540236799973
3,0.0023429488329250905,0.00012662752636305672,2.882692235451939e-06,0.00018821589901340207,0.997339325049463
4,0.000265380631841299,3.274874600684631e-05,4.749793876133883e-07,3.366089843507629e-05,0.9996677347443292
5,0.002446838134646165,8.957527315146054e-05,2.5292885780651707e-06,0.00017280410964285418,0.9972882531939814
6,0.0017958421924825422,0.0001153929297840575,2.2755777032656803e-06,0.00019541232204791143,0.9978910769779822
7,0.0009819079145987266,0.00010959111646431328,2.3724207731484927e-06,0.0001898699548155442,0.9987162585933483
8,0.019449753076098936,0.0003366082949342808,1.1431019472916004e-05,0.0004656759999693723,0.9797365316095246
9,0.00784503642352501,0.00026336296397483046,6.773136819505353e-06,0.00029316097020297546,0.9915916665054777
10,0.014763064297343052,0.0003734078606793369,9.025293066633418e-06,0.0005130384425784022,0.9843414641063326
11,0.09106619557565125,0.0012149410610164367,2.5387604064883593e-05,0.0024646105752534012,0.905228865184014
12,0.1962718884729745,0.004094001061749682,4.9240050312180105e-05,0.003373520158140402,0.7962113502568232
13,0.2068573144521743,0.0072741914491113255,9.411269803365307e-05,0.00894970995230608,0.7768246714483746
14,0.19088776981131847,0.027565475385321107,0.00016563395989534116,0.041523957628092134,0.7398571632153729
15,0.012250691503003513,0.006241067980055122,2.469027957569433e-05,0.0020718650858939282,0.9794116851514718
16,0.017780752252980717,0.0030638465462019455,1.565537408132861e-05,0.004256606502819842,0.9748831393239162
17,0.36297632910651145,0.01785636432457348,8.776595438770517e-05,0.04305492901278402,0.5760246116017433
18,0.334323237647758,0.09371903079569488,0.00033623658785421795,0.027958690242916195,0.5436628047257768
19,0.036394174785680446,0.00482405878807606,1.852119469258799e-05,0.009438367276439165,0.9493248779551117
20,0.650604078880948,0.04844636377269467,0.00013822608106693802,0.06942405843889214,0.23138727282639826
21,0.4555037949218576,0.4035558714689794,0.0010869961465980878,0.018252266839875575,0.12160107062268925
22,0.48333067757530124,0.3899357305482986,0.0009797925443497757,0.05363595801255435,0.0721178413194959
23,0.2584708320721988,0.5589280128905486,0.0014748837974879457,0.12358406539248608,0.05754220584727834
24,0.2659313531529321,0.5200251830981902,0.002718492452590193,0.15331331895634487,0.05801165233994259
25,0.11287582978157099,0.5587658029583065,0.0025902967064919077,0.301363602239557,0.02440446831407371
26,0.1667759680559106,0.4571913893804528,0.0018649947164954613,0.31974611516036405,0.05442153268677703
27,0.23584201774112387,0.40301958353410233,0.0013745611130681007,0.3314794828214068,0.028284354790298945
28,0.17487940096038448,0.5593444581269401,0.0013547930544699884,0.24264450549197156,0.021776842366233885
29,0.31644298483831856,0.39236908526066877,0.0011795149261057973,0.26474689975702337,0.02526151521788341
30,0.19960272576937085,0.6375732883094346,0.003262131764246711,0.13392534455074928,0.025636509606198718
31,0.3857350068007108,0.39128711485951423,0.0011681418391609525,0.18936497012394468,0.032444766376669286
32,0.05983733493404849,0.8843111358484328,0.027275084292537263,0.00819466755526422,0.020381777369717226
33,0.4637449751168566,0.13547306863202005,0.00012041567685132486,0.011391750161743836,0.3892697904125283
34,0.32838129018622214,0.638819259027565,0.0027436379108392436,0.008905379973300305,0.02115043290207329
35,0.17066091618520554,0.8101618636873354,0.0017363327906603511,0.007801395813614702,0.009639491523183963
36,0.1617656102785797,0.8090444353117222,0.013447303787747148,0.0024751088084515034,0.013267541813499515
37,0.028996802143962615,0.9398400919802107,0.017047768118241637,0.008083667078662952,0.006031670678922196
38,0.0727856793201879,0.9016845764225585,0.006676325342338662,0.012193495829224561,0.0066599230856903835
39,0.032156417502147684,0.9386908131622118,0.011812601303741371,0.012823486795653325,0.0045166812362457155
40,0.02124237705657688,0.8753274811562316,0.09177440261088696,0.0031824541032734765,0.008473285073031033
41,0.05743510256348209,0.9196332409500428,0.014180650366933063,0.003636128567718777,0.005114877551823079
42,0.0185848344284688,0.8507739521360609,0.12465147983441498,0.0015485644452376281,0.004441169155817918
43,0.06032529582636599,0.9010397758058569,0.028575927821247144,0.005394482118208245,0.004664518428321675
44,0.014176462901918353,0.8418567251364301,0.136679730615948,0.0013963059978548554,0.005890775347848837
45,0.018150643863602933,0.8640905827561117,0.10969668249751813,0.0025920830395143074,0.005470007843252897
46,0.014009333619116788,0.9174276726815643,0.06427606994806404,0.0010698554362243318,0.003217068315030702
47,0.010506573894719411,0.7186306987453505,0.2650817475920209,0.0014128867212005966,0.004368093046708589
48,0.0056276694069766035,0.6668285001771376,0.32146716129310965,0.0007822449871056108,0.005294424135670534
49,0.009749488885192725,0.7176817558999248,0.26526445223127737,0.001038874647096218,0.006265428336508936
50,0.006390878633906798,0.6527490495614682,0.334692700123142,0.0005902965624048654,0.005577075119078177
51,0.014418916779215387,0.7136811016606451,0.26514281938856255,0.0007647587479021693,0.0059924034236747675
52,0.007423560597771244,0.6144118677449246,0.37148611426911776,0.0003759773055754157,0.006302480082610942
53,0.004902205071377815,0.6434856414871977,0.3472988875734149,0.0002684538800295505,0.004044811987980002
54,0.00734343190225069,0.44516003622834555,0.5428758946615194,0.00024165322866550982,0.0043789839792189094
55,0.013929199581267683,0.6272562706546796,0.3502296411205461,0.0006694460711493,0.007915442572357264
56,0.012481829829626036,0.548233426113569,0.42464237536315513,0.0006621154773578867,0.013980253216292057
57,0.009163991556771195,0.8026172896634128,0.18194138838897136,0.0007027668879339989,0.005574563502910474
58,0.006004382385354568,0.5871428808029796,0.40036169834904184,0.00048148650832370273,0.00600955195430022
59,0.003841907009750245,0.5487560108036076,0.44208359029907385,0.0004099920773875492,0.004908499810180619
60,0.019449027716034104,0.6626318361877768,0.2978056213360511,0.0013064807651821902,0.018807033994955674
61,0.005412976331647363,0.5761828227613911,0.41299231353421884,0.00036836220566137786,0.005043525167081341
62,0.006498445032354284,0.4379683232029896,0.5504633997294808,0.0003440018657276028,0.004725830169447602
63,0.010993997139327064,0.5974336029315667,0.3791150515421461,0.0011401629289782438,0.011317185457981898
64,0.010724275883724443,0.5978249595146133,0.38293020646514997,0.0017823067939673012,0.00673825134254482
65,0.004886957937541965,0.563199470924069,0.4245295414013452,0.0013367141420467655,0.006047315594997111
66,0.011389405351205837,0.6582580983251608,0.3201922034433857,0.0033813136982241087,0.006778979182023665
67,0.02059620022587754,0.6564845674404858,0.29711455019908517,0.006645658373256534,0.019159023761294997
68,0.026211460756697277,0.5919156889620393,0.35474866056904286,0.006572685647554414,0.02055150406466623
69,0.07587192345343935,0.5207597027800195,0.09069042758312645,0.013118847916285266,0.29955909826712945
70,0.12825587616469847,0.486970473628076,0.003331234712785551,0.06965762586322298,0.311784789631217
71,0.19172517415517162,0.32999035098016055,0.001480661849467822,0.012425774138770464,0.4643780388764296
72,0.5415848440411325,0.18885735847983992,0.00028618146384105296,0.003463413434026969,0.2658082025811596
73,0.5864075101675703,0.3297071180717731,0.00032236302183457906,0.005515809865957666,0.0780471988728644
74,0.5244479751402505,0.457140799917088,0.0009868522875664512,0.006005955193342725,0.011418417461752347
75,0.21744582815744284,0.7624539117268773,0.0008280352230750601,0.010546620629415939,0.008725604263188871
76,0.13723416688216722,0.8410157822062743,0.0028411321850622217,0.009014719109898112,0.009894199616598133
77,0.05403687062868787,0.9314369640179571,0.005974923334252338,0.0050783341389718135,0.0034729078801309207
78,0.05413603541850191,0.9065191938277171,0.025653727699649367,0.006632024742404769,0.00705901831172711
79,0.024309981979650678,0.9502472593225991,0.01738667955180434,0.004514550795887063,0.003541528350058707
80,0.04090019888139464,0.9229284509838366,0.020429149532360615,0.009929933936092704,0.00581226666631529
81,0.010829325164550013,0.9021301896907024,0.08085493386729303,0.0030543235809592987,0.00313122769649526
82,0.015758179215863935,0.9050937026822565,0.06990555175073351,0.005910761091483739,0.0033318052596623816
83,0.023195818843583304,0.926402249421619,0.0366705207538545,0.009827005159398711,0.0039044058215444823
84,0.011666564799331706,0.9116668039349485,0.06328452400445882,0.01007231072319933,0.003309796538061544
85,0.0065787344200904305,0.7294622528388311,0.2546614861369684,0.004475007974158571,0.004822518629951555
86,0.03914050543483642,0.8762985237406077,0.05106137111386986,0.0034560717971120363,0.03004352791357405
87,0.15269128404468738,0.7703422499205717,0.03634898993038664,0.020653754915656842,0.019963721188697683
88,0.04298344319519647,0.8962079428664552,0.05299861384444434,0.004515738993477298,0.003294261100426437
89,0.05655603491883452,0.9060516643016439,0.03125013447757194,0.0035347564132595785,0.0026074098886901065
90,0.011843452054892959,0.8087558415902567,0.17426325677924628,0.0014295037898794678,0.0037079457857246718
91,0.004145845194129893,0.6142004153015503,0.37827987530394347,0.0012124607934002553,0.0021614034069761677
92,0.003962851632138087,0.6513113985097441,0.3400502502795286,0.0014605224424233685,0.0032149771361657978
93,0.004554838067764125,0.6001669320498898,0.3912038962288722,0.0007120114246198847,0.0033623222288539003
94,0.004770814008621333,0.5105160798043406,0.47963002545747585,0.0005655027643593097,0.0045175779652030235
95,0.00312075730294093,0.44788117285882195,0.54307623305671,0.000581354275271965,0.005340482506255024
96,0.008389689729658931,0.49776721469556134,0.4842663179669921,0.0010072705640329109,0.00856950704375485
97,0.007532641332759155,0.5378029466312515,0.44724862599351084,0.0009622057381726067,0.006453580304305854
98,0.006160232804275891,0.6229151754251607,0.36286263548508063,0.0007428774117731148,0.007319078873709589
99,0.012564609973077996,0.5057288321445724,0.4702521599967564,0.001320693042509601,0.010133704843083641
100,0.022401097271544115,0.6878735282268054,0.2668540651385758,0.0019454038080009145,0.02092590555507386
101,0.026353508869072374,0.9043336194103835,0.06161183804986509,0.0036003981087920234,0.004100635561886938
102,0.012124116623892787,0.7956630425347856,0.18271707951308977,0.0023267772872012965,0.007168984041030442
103,0.006693224239709445,0.8797812097638646,0.10987373572958299,0.0006910534107632054,0.002960776856079757
104,0.009518164080973852,0.8704052434398556,0.1152471917190755,0.0007596040214877379,0.004069796738607556
105,0.005362659653267056,0.6522227409448708,0.33694367981441686,0.00043407352085457257,0.005036846066590682
106,0.007480257305978638,0.737432958997175,0.24907315201191663,0.0006373586010812474,0.005376273083848525
107,0.009848828825560315,0.7197818031982948,0.26307927632274675,0.0010062817564632882,0.006283809896934906
108,0.009400559241694365,0.5482644412387184,0.4232676943813749,0.0027548685373904543,0.0163124366008219
109,0.010514542353262251,0.49550318358136,0.4888841279493033,0.00112515355214795,0.003972992563926651
110,0.003606095755861691,0.33105218662132646,0.6618835055832939,0.0007847672282677202,0.0026734448112500594
111,0.0020342063826115746,0.5263296297392485,0.4686960856192582,0.00024050728919229993,0.002699570969689646
112,0.0022842182459544644,0.29273890990502593,0.7032914918453874,0.00024310603945284327,0.001442273964179386
113,0.0024572880885775,0.3012113389325107,0.6939393051012694,0.00030132383344119463,0.002090744044201186
114,0.004916731254094712,0.3957270474912522,0.5952679675664718,0.0009284976618831525,0.0031597560262980893
115,0.0025848646212180805,0.4852732766620021,0.5073277824350365,0.0003073509598774241,0.004506725321865961
116,0.0024354604588290563,0.2800526950489118,0.7151705680721461,0.000267435234500785,0.0020738411856122455
117,0.002048128880355882,0.3070377234870253,0.687180148681718,0.00024478513721427447,0.0034892138136864118
118,0.001994100985622723,0.3152173984681387,0.6799891430201268,0.00027204734464258376,0.0025273101814692295
119,0.00186821891064181,0.28105219922443864,0.7103780696212124,0.00024154362290855754,0.006459968620798589
120,0.0015129753768799291,0.15543324367073513,0.8395769091109557,0.00012685834927189823,0.0033500134921573667
121,0.005247779564639225,0.43246446147216844,0.5570130713669628,0.0002820422592243859,0.004992645337005333
122,0.0011999901098743795,0.11885789463124492,0.8768662275125381,7.955453202710735e-05,0.0029963332143155847
123,0.0007079090437414451,0.14158202200761683,0.8549533341592072,6.436240474199895e-05,0.002692372384692431
124,0.0008919438970159201,0.21001603439788522,0.7863960317622523,5.9929190097021005e-05,0.002636060752749575
125,0.0005008478091764904,0.08259106061649713,0.9151566070113498,3.822244810670249e-05,0.0017132621148697753
126,0.000573280239974703,0.06807424573877666,0.9309371497156952,2.7199215199904055e-05,0.00038812509035342544
127,0.001134038056993578,0.07150477072483101,0.9257738094138865,5.549550493567862e-05,0.001531886299353176
128,0.0028579714538956693,0.19014972206987993,0.8043595221928302,9.17061628549827e-05,0.0025410781205392374
129,0.005548543478370337,0.07714531626254997,0.9157339097331932,2.8123790557419022e-05,0.001544106735329087
130,0.011722620185191187,0.28897351693424866,0.6937266005246419,0.0001306844528793125,0.00544657790303899
131,0.002882073720812478,0.07830274383768168,0.915394667142145,6.185513515730378e-05,0.0033586601642037234
132,0.001640825992571212,0.06215547516385677,0.9347292922891318,3.72822152718064e-05,0.001437124339168405
133,0.0023891603907547493,0.11027585161556479,0.8853675782117991,6.944327453751464e-05,0.0018979665073440117
134,0.0006313190477307315,0.05479813291672514,0.943303792457309,4.093613066232717e-05,0.001225819447572785
135,0.011509866760270566,0.5640403034870564,0.41066147900240535,0.0003680575430015548,0.013420293207266148
136,0.003695774533339823,0.11424131290337768,0.8752692481120047,8.473069148354632e-05,0.0067089337597942755
137,0.0027687525221074707,0.11063377867745378,0.881217724456143,8.121086195940616e-05,0.005298533482336554
138,0.012527943575211078,0.2353555166572749,0.7362599259866851,0.00026420135411488817,0.015592412426714126
139,0.013995127910831203,0.2508061001462249,0.7008806443928276,0.00031760058170904977,0.03400052696840719
140,0.0028723723320205944,0.08980830289071183,0.9035721262691914,6.579639501619662e-05,0.0036814021130599575
141,0.013265772941489357,0.26206497974076,0.6666446337960014,0.00035197188331735407,0.05767264163843207
142,0.01539158365453065,0.32636224158466093,0.645625722228427,0.00015469374911451225,0.01246575878326694
143,0.0025187425303355984,0.03204907512371073,0.9523486403142554,6.674231476776145e-05,0.01301679971693058
144,0.017700532293078084,0.35072861920673526,0.5428272527822681,0.0005977777229693932,0.08814581799494918
145,0.009721452545036275,0.09195899609537844,0.878955404457003,0.00016096681693542482,0.01920318008564672
146,0.006106155477025863,0.18090749853101254,0.7957640232332021,0.00025355363126828705,0.016968769127491266
147,0.009839518371229268,0.323596636729147,0.602920765382465,0.0006214607591522417,0.06302161875800655
148,0.00796866322448942,0.23668203959383677,0.7265287995848673,0.0005418958649156793,0.028278601731891055
149,0.0074898879987104735,0.21780719616292327,0.7442033916016971,0.0004469988139910319,0.030052525422678108
150,0.00448226047913484,0.22073194077509276,0.7578147865346213,0.00030410700988102647,0.0166669052012701
151,0.007960183010361862,0.2576161484040731,0.7108710086379144,0.0003537446802739135,0.02319891526737685
152,0.008346681574576766,0.18629909806367156,0.781366750858491,0.0003169131573486931,0.023670556345912083
153,0.009062483737314166,0.12674783979185464,0.8354614520410073,0.00032864713446838884,0.028399577295355558
154,0.011462733127542462,0.2700485177827587,0.6950516556866845,0.0004808583756226697,0.02295623502739161
155,0.024130403112373612,0.25165145189898674,0.6301871863624462,0.0009553210942338268,0.09307563753195956
156,0.028316002373700366,0.3009042931384164,0.5796102542342282,0.0009779627735379515,0.09019148748011697
157,0.026167073358501765,0.2615539385533381,0.672566557357759,0.0008877328271858874,0.03882469790321534
158,0.045045254441038476,0.4159375451488951,0.4038944485060369,0.0015030154859189235,0.13361973641811078
159,0.011174077650520003,0.19852680184051738,0.7489636727947176,0.001457404020610594,0.0398780436936342
160,0.03605808510402245,0.3667827855877882,0.5257234579443543,0.007277219506394953,0.06415845185744017
161,0.4448389842791944,0.30123838759153454,0.05089544578496546,0.025327768884914528,0.17769941345939105
162,0.65933189062191,0.20946953537177915,0.0058635130362182175,0.036957039338243104,0.08837802163184942
163,0.5255107026504723,0.44003905920178366,0.005566479522363324,0.00940404412955097,0.019479714495829727
164,0.33011038339198767,0.6351351779121217,0.00868634201610723,0.013050649783658124,0.013017446896125337
165,0.1020364272301571,0.8338074050931407,0.021769298600153957,0.020774568107729003,0.021612300968819394
166,0.09291412563542809,0.8467555709316215,0.023579990254148562,0.026834599472582328,0.009915713706219667
167,0.07133253793220834,0.862330344277705,0.021763358231172092,0.023027196785400033,0.021546562773514216
168,0.09767454977511054,0.8538051523254794,0.013263346601596938,0.023841682193529223,0.011415269104283957
169,0.1951005130379869,0.6478366095304895,0.0045452152628507785,0.14186225070609507,0.010655411462577794
170,0.22561041282949462,0.6814893068221514,0.030435607058533844,0.034221267102180215,0.028243406187640083
171,0.04034521332226705,0.8572468376518507,0.03388290299151897,0.05688061156020139,0.011644434474161889
172,0.05049645025196632,0.7792164828906742,0.010169026521971457,0.15516502775459926,0.004953012580788703
173,0.0934505385482415,0.460324830139276,0.004986422710543087,0.4351003135729958,0.006137895028943698
174,0.024350682607768858,0.025772885224101486,0.00010896050810965742,0.9472072678613772,0.0025602037986428745
175,0.02383059251035189,0.03058544477691868,9.89288969632822e-05,0.9428066153875253,0.002678418428240724
176,0.029400296944130763,0.04690159025874502,0.00014510114439940337,0.9150612688729115,0.008491742779813386
177,0.024624310793568527,0.015958041016320135,5.116937605336725e-05,0.956843439784165,0.0025230390298928156
178,0.0584487703270863,0.1388226998700332,0.0004777625460030412,0.7910282418678177,0.011222525389059549
179,0.02362738664455216,0.016224742788784566,0.00012050842495886965,0.9547305953439327,0.005296766797771638
180,0.013349569408082362,0.01895441731083161,0.0001330404521331778,0.9632895197161867,0.004273453112766156
181,0.023680979721428096,0.01109526081480891,6.733061065782617e-05,0.9594359511390145,0.005720477714090749
182,0.022798220278230488,0.036821655179222375,0.0002222519284857,0.9362258232765537,0.003932049337507678
183,0.04679211627661842,0.025184151884801102,0.0001971537496517221,0.9173879953801495,0.010438582708779327
184,0.057228342094344485,0.06014963164225511,0.0003613584430538726,0.8666310287899637,0.015629639030382926
185,0.02753841099136664,0.04360647870153141,0.0003053303461747588,0.9226390464733741,0.0059107334875529455
186,0.020307423226797638,0.016866801360318488,0.00015168601503895557,0.9550943189959361,0.00757977040190882
187,0.032533912201760884,0.016091093499738838,0.00013139547390878832,0.9426113719754265,0.008632226849165045
188,0.024523913713886233,0.023776481692647105,0.00010457521939811092,0.9444589224403749,0.007136106933693774
189,0.06118547998408863,0.0386010421158781,0.00025179203081270723,0.8707175762211793,0.02924410964804124
190,0.06795687611960614,0.03422840857496693,0.0001496230917405015,0.8757365960367697,0.02192849617691681
191,0.13384663484884365,0.07635009524007913,0.0002801830940814399,0.6737415016403331,0.11578158517666264
192,0.14371546050414058,0.033607140626475525,0.00022934224463809518,0.7683515640156549,0.054096492609090815
193,0.12540980714083536,0.0401561197902172,0.00021627143724933394,0.8078224127081732,0.026395388923524922
194,0.09591307367931752,0.05546478642117708,0.000370582027296774,0.8269374580851978,0.021314099787010786
195,0.021347018194812297,0.007103431401109522,4.1024088768394916e-05,0.9624036669885541,0.009104859326755857
196,0.03223811157281444,0.020399301072873334,0.00019576415914395842,0.929939097153615,0.017227726041553218
197,0.03566556620501093,0.030341455637540548,0.00022324711784730387,0.9216577664284077,0.012111964611193574
198,0.026975862114208816,0.011866851660646029,0.0001034210337037939,0.947792287287083,0.013261577904358366
199,0.05440714642029757,0.01808839691338131,0.00016366109848127398,0.8981580825419534,0.02918271302588636
200,0.04291213936039352,0.027679785485111727,0.0001915722687742766,0.9041978019137741,0.02501870097194639
201,0.06553443418991726,0.020019534993407116,0.00013428989002538578,0.8835579560472412,0.030753784879409125
202,0.04166878069816272,0.03142039543044705,0.00031261861084528605,0.9129004057793417,0.013697799481203273
203,0.07247764850481074,0.042336806253211144,0.00029084397853900264,0.863436986260748,0.021457715002691082
204,0.061637867320990344,0.04614025768156901,0.00032380956754988983,0.8394631411898125,0.052434924240078264
205,0.1585939078879208,0.04806337218312285,0.00022675604548172382,0.7587529626368085,0.034363001246666317
206,0.18576752788741405,0.2706892812539071,0.00107783187846666,0.5069250045436526,0.03554035443655956
207,0.24136713616121583,0.23742844222464984,0.0008256173134193265,0.41604152325154725,0.10433728104916772
208,0.2756595776648866,0.29905385172966026,0.0011238609296941261,0.3892516145789114,0.03491109509684759
209,0.21538684287998763,0.44824707501631983,0.001481147722092355,0.3193937021425643,0.015491232239035655
210,0.1454195759689506,0.5717021831642466,0.0011954462391872496,0.27362543116729937,0.00805736346031613
211,0.17735102976298936,0.4020237917783339,0.0007964674714096866,0.41038957156409667,0.009439139423170512
212,0.1798032365136182,0.5828559977130386,0.0009794567275185184,0.228412497361696,0.007948811684128776
213,0.08090918394323662,0.8840738691693156,0.0025883596383475095,0.02357797265379515,0.008850614595305032
214,0.17484590267923264,0.7337481490657622,0.0017405998780296071,0.07805641225078429,0.011608936126191141
215,0.09113835203846612,0.8662595044464232,0.0011303076008986116,0.03793625894204733,0.003535576972164808
216,0.13626893593017173,0.8066970864446193,0.0022790407831677424,0.04846454070788949,0.006290396134151572
217,0.2011842427682914,0.7287640515240497,0.002210326719745839,0.06186249635132276,0.005978882636590304
218,0.1162266058822866,0.8332869024504431,0.00283746591801018,0.044131629531991234,0.0035173962172690316
219,0.06899805754000649,0.9025635753045685,0.0015863510820550346,0.014507031347330971,0.012344984726038948
220,0.22474864965981542,0.630495141513996,0.0011521301083642248,0.13578687759729924,0.007817201120525105
221,0.1582087964778752,0.711457762657388,0.001567340415427047,0.11858883986157952,0.010177260587730207
222,0.09609753415607676,0.8676578257795796,0.002582513289486123,0.02525415853375595,0.008407968241101536
223,0.12189191544794246,0.6644318358531199,0.0017341652398058243,0.19767030669838828,0.014271776760743425
224,0.1486904483782356,0.373748822690581,0.0012547316238665858,0.04726511103997478,0.4290408862673422
225,0.1404165707756571,0.1143194846148948,0.0006747389869613985,0.013243738362532054,0.7313454672599548
226,0.6589128776060434,0.2663620172590611,0.0005500403871853749,0.028598986695637107,0.045576078052072866
227,0.4399317814884043,0.5265308135801743,0.0004925620318298082,0.01699205649277339,0.016052786406818342
228,0.2933785418743224,0.6513543192618327,0.0018980975971487014,0.041711718118416036,0.01165732314828011
229,0.14466125559043122,0.6727715283774756,0.00121257080732973,0.16004071359801259,0.02131393162675091
230,0.11663850264868672,0.7523833852791996,0.000839626536234942,0.11275147834506846,0.0173870071908103
231,0.021599832186680344,0.9451851116872422,0.0029530327349337423,0.02380675419757062,0.006455269193573233
232,0.07172318679515752,0.847083758783368,0.001354550725037565,0.02639213479022439,0.053446368906212426
233,0.0063399724550975605,0.006798139713874111,0.0004492732712150586,0.0024126437306573,0.983999970829156
234,0.27783490065346333,0.40015081188882906,0.0011863847268214418,0.023110579630115452,0.2977173231007707
235,0.0643030469178239,0.016987584494970467,0.00020011324268150898,0.0039971467866304474,0.9145121085578936
236,0.06708644917337397,0.009560555152349404,0.00019294827098023288,0.0020506396185973564,0.921109407784699
237,0.786575458685363,0.07638212948106014,0.0005246649086482653,0.02791711788571448,0.10860062903921391
238,0.8394482711661551,0.11358164642995842,0.0007995150355028713,0.013657836903546898,0.03251273046483676
239,0.27400295693922666,0.6542476350196018,0.001685851704580862,0.0528015114318934,0.017262044904697328
240,0.21338480804614465,0.6100293449849087,0.0012581472231116488,0.1559038966773092,0.01942380306852585
241,0.10409981556553193,0.7411184110105822,0.002166409851288425,0.13985457469350573,0.012760788879091595
242,0.20347585854453848,0.3455362891488466,0.0011490344969333475,0.43576026223373066,0.014078555575950879
243,0.06455739850028926,0.793734476825578,0.001290611967880093,0.13542319175939915,0.004994320946853327
244,0.09680438748394515,0.7833789347739025,0.004577840580119257,0.10642525443422805,0.008813582727804895
245,0.038874570366166886,0.910662117474276,0.0014398121775929607,0.04495651670813225,0.004066983273831828
246,0.04033340692366274,0.04454676732325622,0.002163501488512349,0.007735367744378491,0.9052209565201901
247,0.41519085273318007,0.3960801584212012,0.0013139769334124657,0.08497721432817096,0.10243779758403518
248,0.08219590593822704,0.024451437152141597,0.00025291088502779564,0.005114111083711394,0.8879856349408922
249,0.4969272203773195,0.44862606669897875,0.002198548086630425,0.011309691858121737,0.040938472978949564
250,0.28673381052893054,0.6796087726452483,0.001271929761615392,0.02391333477674602,0.008472152287459666
251,0.20232685459088354,0.7450430558680781,0.0021152270323533734,0.029313947053773604,0.02120091545491133
252,0.07807284397784924,0.8194341068735533,0.0023078191729386977,0.0949650115025459,0.005220218473113081
253,0.06522715462298526,0.8777054034993373,0.0014207239560180326,0.050909859700597956,0.00473685822106137
254,0.1281781549108058,0.808198254461051,0.0024888077734331396,0.05341554460647392,0.0077192382482361805
255,0.14691243438466647,0.7552391693114493,0.00493525572805795,0.08115838711390792,0.011754753461918418
256,0.14385225502724072,0.7812959314368587,0.006310054533299936,0.049900148597502546,0.018641610405098194
257,0.045585894965294985,0.9060193844316113,0.01655378719936842,0.013838516349300696,0.018002417054424468
258,0.1403580800606643,0.8269935383842769,0.0048603179772406715,0.017830581581935283,0.00995748199588298
259,0.13369644492836005,0.8231730121724831,0.0057160322300001155,0.02587520336041244,0.011539307308744438
260,0.19929399521103244,0.6698765087137963,0.002816598478969939,0.12030315095861942,0.007709746637581926
261,0.1466539079031724,0.7673227656601007,0.011050293189095166,0.061944115465517285,0.013028917782114464
262,0.08428637446209683,0.8675636825612593,0.00533555546581825,0.0363565299154441,0.006457857595381518
263,0.19661989723445128,0.6623451335894299,0.0034290228022821317,0.1280585028806193,0.009547443493217362
264,0.15075384433055236,0.7279571800163419,0.02061266730930959,0.0654685073681055,0.03520780097569068
265,0.19199670365252947,0.7543435828107092,0.0045627893616906395,0.03328293793183484,0.01581398624323579
266,0.26164524583443244,0.6919100325074593,0.004552681380493378,0.027263355789300996,0.01462868448831393
267,0.1054769213945579,0.8619880525858561,0.011929858865285642,0.012306418825866387,0.008298748328434039
268,0.0866509039212665,0.8935910459989107,0.003240054074188856,0.010282318488478505,0.006235677517155484
269,0.1697521712223662,0.7822637285786165,0.005834298876371564,0.022598479873765457,0.019551321448880346
270,0.05384303127770822,0.922536091817148,0.008509460032300282,0.009880132338221333,0.00523128453462218
271,0.0733425929681948,0.8985375000005548,0.0077590192045312355,0.007566485356283519,0.012794402470435609
272,0.05009985543671069,0.9232233133394494,0.010975797945731482,0.0055184042895024,0.010182628988605804
273,0.18489069937877045,0.4810465805913994,0.008472402892732043,0.005660185863298343,0.31993013127379966
274,0.05193059323621643,0.09438480266038983,0.0014875658536209562,0.0011917849740416878,0.851005253275731
275,0.42435629650821094,0.5643635417694648,0.001025133491698696,0.004655930682290942,0.005599097548334546
276,0.3429731821122496,0.6475270872372604,0.0021428775436171657,0.0017137911903414228,0.005643061916531444
277,0.1186537207948378,0.8756658196050792,0.0020571927541279296,0.0017773116675635424,0.001845955178391593
278,0.038909932028028685,0.9524095834441467,0.0018602296514098342,0.005390167775306837,0.0014300871011081414
279,0.07616825982982547,0.9046070244249037,0.004367912168334224,0.01117960973036844,0.00367719384656826
280,0.025933836851602932,0.9612255016580219,0.007511008306854108,0.003353056538537744,0.00197659664498333
281,0.035339501959780195,0.9092363461368826,0.03996766699621765,0.010928518539033111,0.004527966368086387
282,0.03165646439011203,0.9394696361167285,0.020515583653932554,0.005890975034163075,0.002467340805063983
283,0.01571564784084402,0.9406689819012622,0.036700698327081685,0.004362354362968488,0.002552317567843464
284,0.0451660395699372,0.9206258546156342,0.02043107136586537,0.009393145855327339,0.004383888593236067
285,0.004637306728891707,0.955049173394848,0.036416683897353364,0.002644265002898818,0.001252570976008153
286,0.011272664011954986,0.9754749483771096,0.009513234656168252,0.0022647422178371825,0.0014744107369302829
287,0.018075579179429375,0.9356503490856881,0.03709762311721512,0.005526672688622403,0.003649775929044908
288,0.01038805506439878,0.922178952165744,0.05909772051255139,0.005934216553950743,0.002401055703355135
289,0.02139139746115025,0.9372691526309274,0.030782563162661737,0.007463492345956145,0.0030933943993044855
290,0.01495184049821747,0.9263095663753921,0.0504513290085038,0.005783782462367561,0.0025034816555189487
291,0.0380312261399434,0.942449425341257,0.008103638837656786,0.00935588383962873,0.002059825841514312
292,0.06856093467135413,0.8995815235232857,0.015794561848624756,0.007542322308803706,0.008520657647931664
293,0.02612604902037566,0.9281873602555176,0.03433107347078036,0.007119329665052153,0.004236187588274166
294,0.042633573556535076,0.9030316316019843,0.04059294563319339,0.00858819535509288,0.0051536538531943305
295,0.0419625173603042,0.8957156432184841,0.04852191100305091,0.009179051423934697,0.004620876994226074
296,0.02900645249037364,0.8975910622605322,0.060696326956515376,0.005959910585967599,0.006746247706611168
297,0.028912026618212346,0.8270598490350918,0.1353972903281197,0.004314056807321398,0.004316777211254842
298,0.021033797759214552,0.7164113150433261,0.25188557913480253,0.0041883327897053995,0.006480975272951355
299,0.026653006025319077,0.7473690910518127,0.21827501485551823,0.002493554151449984,0.005209333915900097
300,0.01776619234546714,0.7099089106848703,0.26796250658419624,0.001255568644624114,0.003106821740842482
301,0.01082370862446259,0.6520513241833538,0.33014443246442104,0.0023682991630474583,0.004612235564715163
302,0.022234302887539397,0.758355069286747,0.21495101821044757,0.001306438344442152,0.003153171270823886
303,0.003264380784982223,0.2705824777421163,0.7231304614726817,0.0008680012886500594,0.0021546787115698644
304,0.035465768804244215,0.7041166419032547,0.2409588533420041,0.004022311622987722,0.015436424327509265
305,0.012937887721283518,0.8505859479646222,0.13322081949040326,0.0005989290041836764,0.002656415819507307
306,0.0178862646495781,0.8130151384564874,0.1654829515781082,0.0007878958208234306,0.002827749495002822
307,0.0236500897167439,0.788393874789387,0.17450394844155065,0.002784998733410618,0.010667088318907557
308,0.07956007790056535,0.4118445516536211,0.08861769184781516,0.0048224317276541855,0.41515524687034416
309,0.31766336090215014,0.5952298881009858,0.025404052718293976,0.02319776864792546,0.03850492963064459
310,0.11824177995035458,0.8422195591359645,0.007942971830201442,0.008644778234029413,0.02295091084945023
311,0.2269798336183937,0.7250536224779739,0.023847252141124212,0.008850164189246407,0.01526912757326172
312,0.04960891856904355,0.8268148238914467,0.11005978170483173,0.0049730391484723155,0.008543436686205766
313,0.20953358942385886,0.6593943048186184,0.004119993173954401,0.03683806435849491,0.09011404822507343
314,0.17810691880842508,0.7195584686243891,0.018548835331270656,0.011057915741906768,0.07272786149400831
315,0.2255928314609363,0.6878701900075296,0.03292452635871943,0.01823391866732813,0.035378533505486615
316,0.1929071912092467,0.7564375820900298,0.02016349573005139,0.013458309057249266,0.017033421913422858
317,0.08680655202151767,0.8342930186798562,0.05931003340383707,0.005972724409674718,0.013617671485114282
318,0.06352206124144533,0.8208603060827453,0.06873110833273137,0.01749669601357829,0.029389828329499663
319,0.08018784934065522,0.8239053332037873,0.07549088225505197,0.00629127468671564,0.014124660513789775
320,0.3716203817424584,0.3558785364436653,0.018390452450178237,0.03137802664541098,0.22273260271828718
321,0.17413458110167676,0.7652978023802852,0.013666986110557002,0.024920270258073328,0.021980360149407775
322,0.1493555959502011,0.8074249574858504,0.028806985875854896,0.005561085224167396,0.008851375463926059
323,0.1718142641419352,0.7877521109637262,0.012680626404421039,0.01806692184813585,0.009686076641781878
324,0.09903000617806951,0.8582957031758738,0.022568090521287328,0.008621708084157182,0.011484492040612056
325,0.1457352632261089,0.7797658946533209,0.04066700768603055,0.027338400025787427,0.006493434408752246
326,0.23813723754349364,0.6992846155360177,0.0454693045319467,0.008090400249513486,0.009018442139028455
327,0.040476230869724246,0.9015229713863538,0.04272436409013807,0.004937220711418427,0.010339212942365431
328,0.0585104367708786,0.844139307791404,0.091831209984188,0.0011174900098127037,0.004401555443716598
329,0.028504701457849398,0.8695951552705524,0.09892593337254815,0.0006746336443589144,0.002299576254690962
330,0.024985507178025605,0.7875409226919018,0.18342877863402518,0.0007062849245547605,0.0033385065714925067
331,0.007422831962639931,0.7506445251130283,0.23991340368496775,0.0004275835115445336,0.0015916557278196012
332,0.03239241282118775,0.7800279101897574,0.17920355880826036,0.0011490292139091562,0.007227088966885308
333,0.01179498212288702,0.6482677636630306,0.3353109530511138,0.0008085419700021644,0.003817759192966139
334,0.007475357604399538,0.6035559492780387,0.3807636690740093,0.0011798089460827222,0.007025215097469756
335,0.010538644989183428,0.5486158810483682,0.4333860191445999,0.0011310775873709965,0.006328377230477481
336,0.006926548177399441,0.35290413121993547,0.635599491923436,0.0005554638606180831,0.004014364818611001
337,0.007412646127239289,0.3727694861751724,0.6110725976566095,0.0004908853151307279,0.008254384725848189
338,0.013070980825219338,0.6417596602302211,0.32558431429779244,0.0013451798833357146,0.018239864763431347
339,0.010316053729764013,0.32801714083459277,0.6433006805110132,0.0008356835591976506,0.017530441365432227
340,0.007058241466097023,0.26193504008470436,0.7027973501264039,0.0006862703059360616,0.027523098016858562
341,0.009911643091782989,0.4167817917971676,0.5536340807581993,0.0010478786868615552,0.018624605665988475
342,0.011299692282900509,0.3386243688146403,0.6282720764882934,0.0006529899820101438,0.021150872432155587
343,0.014498563906031757,0.6163137338797189,0.34507413574096285,0.0011894253881543806,0.02292414108513197
344,0.018972690580511996,0.48617669830066934,0.45536809069786,0.0057699936186445646,0.033712526802314145
345,0.10384161945375486,0.2563617912540529,0.012782060367905693,0.014957012288155382,0.6120575166361313
346,0.029629946841332765,0.05325101721449681,0.0139055487603041,0.00252629377114414,0.9006871934127223
347,0.006332637444024316,0.004681548497880646,0.0003764428189777307,0.00029184056189918557,0.9883175306772181
348,0.015462631469966764,0.005105838319864341,0.00021812643209510865,0.000299181726060028,0.9789142220520136
349,0.3390273636275064,0.02325936457468093,0.00025975726033715515,0.002833749478101386,0.6346197650593741
350,0.18296913203674517,0.02825367493337266,0.0008925285418518338,0.0021703674617083997,0.7857142970263219
351,0.030823058700757664,0.004439598190371652,3.182376743938109e-05,0.0011907434745666338,0.9635147758668646
352,0.568624749603159,0.09882374267758416,0.0009767429111781458,0.02082040107027995,0.3107543637377987
353,0.6663336341380296,0.26704604958093825,0.002114336026416489,0.025770489245284637,0.03873549100933095
354,0.17388786389417382,0.7590301201419745,0.005307842092495586,0.02798333744693747,0.03379083642441838
355,0.06320619602974765,0.8622424006879141,0.0016509622838781124,0.06717223765794327,0.005728203340516907
356,0.04347607973636163,0.8507792035986558,0.002864834610778963,0.09900096908366111,0.0038789129705425187
357,0.03960849162913627,0.8321204872888752,0.007520165204537224,0.11578096966807883,0.0049698862093723265
358,0.024661424787073317,0.7313206423124875,0.0026150730948219254,0.23770775844086128,0.003695101364755971
359,0.06867860256478962,0.1702686113717959,0.0003578894003141461,0.7475592366257374,0.013135660037362834
360,0.07128498349638246,0.23423407054789927,0.0006436957227782405,0.6690672295863014,0.024770020646638573
361,0.06437492159842487,0.025727352785729428,0.00017277984971380728,0.9021791146724262,0.007545831093705748
362,0.07760839485700359,0.02644166095339923,0.00026509632692529503,0.8783984541027378,0.01728639375993402
363,0.06268099813948207,0.009890446015160342,8.148384774670025e-05,0.9128175349266445,0.014529537070966209
364,0.10205434758556667,0.011869372688097762,0.00013528100393287855,0.8763339034513759,0.009607095271026747
365,0.050981583306422884,0.013352028427492186,0.00016011895506914167,0.9233777934726128,0.012128475838402849
366,0.06757339793353942,0.03711312849711172,0.0004038832849664947,0.879606474239786,0.015303116044596348
367,0.03312746136160718,0.013721442235200037,0.00015528721796829334,0.9394059938886692,0.013589815296555388
368,0.031955079524721354,0.008434644458367516,9.13727642697417e-05,0.9517386158057577,0.007780287446883589
369,0.04417990974957674,0.010951657946793864,0.00010779042633696932,0.9388598853331914,0.005900756544101036
370,0.10642175912370117,0.018999433215681483,0.00020739491359555128,0.8607961544742584,0.01357525827276354
371,0.0878713785066525,0.011773283805421541,7.127597522848674e-05,0.8914441487037917,0.008839913008905749
372,0.05037186187677143,0.011320343856351408,7.833531149689623e-05,0.9336425890081701,0.004586869947210223
373,0.06973346372407008,0.0459338028812216,0.00028217258946202034,0.8731260184146016,0.010924542390644732
374,0.040931359813465566,0.020652664484593675,0.00014944602938770564,0.9292207654550103,0.009045764217542732
375,0.03201266013040351,0.010188313169935447,4.353597943288968e-05,0.9497775630725002,0.007977927647727845
376,0.07744714023941467,0.0320015675402376,9.026985992699272e-05,0.8530755505807354,0.03738547177968538
377,0.08787019741005918,0.0239899057660592,0.00014040268433951908,0.8678506638771295,0.020148830262412543
378,0.08993970774317248,0.021628626196013512,0.00014054907925488847,0.8729149666766166,0.01537615030494245
379,0.1275363703426803,0.03785234002536386,0.00015323585327116831,0.816308774998599,0.018149278780085706
380,0.058723689973569526,0.021609396498061335,0.0001321883701354605,0.9060358034821211,0.013498921676112625
381,0.1207342771596652,0.029969422846924935,0.0002043247091141631,0.8298202109072009,0.019271764377094713
382,0.11496308018682071,0.01844965200174079,0.000162555677780711,0.8407576830297471,0.0256670291039108
383,0.029089829501582922,0.0226861893450194,0.00011549630909736246,0.9374007424116616,0.010707742432638659
384,0.03488860482307071,0.0230799225571568,0.0001744818132740381,0.9315680148463159,0.010288975960182547
385,0.03393542255104152,0.01572960997281542,0.000245009313908715,0.9317896756676536,0.01830028249458079
386,0.026502964586002764,0.016409407109791194,0.0002453858396787336,0.9277269813325522,0.029115261131975108
387,0.02750542569996456,0.02161896549797568,0.000381403565419073,0.9149003668788405,0.03559383835780027
388,0.03366002127955511,0.01861519412930948,0.00024128797694334298,0.9139157396862121,0.03356775692798
389,0.017949799172836463,0.0085365667642079,9.348307977371393e-05,0.9597992021041875,0.013620948878994578
390,0.02833832380797987,0.008903273885939303,0.00010062115995381888,0.9529057316863818,0.009752049459745279
391,0.028982762522669583,0.010464049737577261,0.00013011128444282704,0.9426068879956739,0.017816188459636218
392,0.04196985729005145,0.011060133891858715,9.270538895465054e-05,0.935896087595655,0.010981215833480202
393,0.02329214981162094,0.0054500744062934755,7.674981289399447e-05,0.9567008600696297,0.014480165899561888
394,0.0555895039051566,0.012606955409850941,0.00012851097216885968,0.9220299777909244,0.00964505192189925
395,0.08935879157036809,0.024753412462050425,0.00013704899745311944,0.8779038357899052,0.007846911180223322
396,0.060843563743460664,0.01614080614873997,0.00012416006620651437,0.9146452470004027,0.00824622304119026
397,0.0421335662384549,0.019341755250525058,0.00012069448118265228,0.9317102766343418,0.006693707395495741
398,0.029553624324333158,0.009302588124815018,5.733245669791003e-05,0.9569651375055636,0.00412131758859039
399,0.048947607242277875,0.021537974717802454,7.301099403291174e-05,0.9203329449749931,0.009108462070893624
400,0.04452483026527446,0.013039524126799129,5.541288166988036e-05,0.9287833327127383,0.013596900013518199
401,0.06870917740179165,0.031014902734386944,0.00011377724980914901,0.8871722444512772,0.012989898162735162
402,0.07477945910635304,0.053283139993808966,0.0003044873386915502,0.8368224253250133,0.034810488236132996
403,0.04770792128824441,0.07151175239358838,0.00031876887021782313,0.8069712429236428,0.07349031452430664
404,0.047549941124582475,0.040326918449893265,0.00032453038178474034,0.8783527824982097,0.03344582754552982
405,0.07385354481111435,0.05885254516547385,0.0003404527966573796,0.8315914142730294,0.03536204295372517
406,0.09297572118419123,0.05280749182055454,0.0003766850422492441,0.8284978979594894,0.025342203993515736
407,0.05648908166341393,0.03917683572009331,0.0002298994232408456,0.8819411321251909,0.0221630510680611
408,0.06570558251555138,0.03494424352400293,0.00015425992889395548,0.8845317311286203,0.014664182902931339
409,0.05940899879135006,0.03300175211713008,0.00010272595732006059,0.773720584627885,0.13376593850631485
410,0.14519898205422657,0.11074136670340995,9.094322234253067e-05,0.6613401117232057,0.08262859629681524
411,0.34538913950771166,0.05718587041149553,5.6526635737601716e-05,0.5731343470501545,0.024234116394900727
412,0.338269233845513,0.03292104307413078,6.715488487129363e-05,0.5869383730643957,0.04180419513108934
413,0.27213133222392477,0.06225876570123377,0.00019018965730902785,0.616677827579275,0.048741884838257366
414,0.1442670542628794,0.03043962963164356,0.00020672238251323325,0.8132845722381873,0.011802021484776628
415,0.13429311813476713,0.03568324184139041,0.0002378845159700472,0.8097197550460868,0.02006600046178556
416,0.07316026750284073,0.01641788185049491,7.908421244909773e-05,0.8940552419923616,0.016287524441853753
417,0.07069707307237867,0.032751824207414446,0.00010327104001951293,0.886288985046965,0.010158846633222491
418,0.06071022492760438,0.0174708018672685,0.0001064728870331047,0.9123598049926293,0.009352695325464603
419,0.047468987639608926,0.021181919142862625,8.734311609832616e-05,0.9252387003329335,0.006023049768496481
420,0.08862441767647093,0.019422313352311107,0.0001128209221622196,0.8799799371187192,0.011860510930336545
421,0.031166987843912797,0.02260472357232411,7.751175612580029e-05,0.9416229485387011,0.004527828288936197
422,0.034541525843550365,0.06143921353121587,0.0001401807842155176,0.8967489170361975,0.007130162804820519
423,0.022145917658681083,0.03255758389529889,8.868280597908075e-05,0.9415123961889282,0.0036954194511127298
424,0.026664811985262184,0.05513678061833667,0.0001874269980695418,0.9133285214320543,0.004682458966277285
425,0.03747667829624658,0.07771685929741622,0.00030484763281568767,0.880134810691201,0.004366804082320453
426,0.012096668476582379,0.03404232867924895,0.00010683917275735874,0.9511301792714195,0.0026239843999917786
427,0.012592938395775926,0.025400304628963994,0.00014918871196408949,0.9585703112007572,0.0032872570625387156
428,0.012066929397908824,0.07681389164186428,0.0003141570434941911,0.9080084918841644,0.002796530032568304
429,0.01614525718730231,0.01295836634514505,0.00012033745089724617,0.96601836167568,0.004757677340975225
430,0.024747227664546446,0.014083433315604266,0.00014902259987111603,0.9555896884447479,0.005430627975230387
431,0.03415537125552683,0.018580836630323304,0.00027782973325169347,0.9369641457017945,0.01002181667910376
432,0.06271332378279804,0.01881874257988908,0.00024711579670749713,0.9038790661490591,0.014341751691546415
433,0.06519860385808107,0.014774164657530984,0.000163885717576634,0.9094620048624776,0.010401340904333749
434,0.1415728675178516,0.02590160686373621,0.00021203053842733238,0.7814788968627118,0.050834598217273014
435,0.11345796939546841,0.017664647214395278,0.00013528607942937628,0.829595921146422,0.03914617616428504
436,0.10956696771708979,0.024578573546557046,0.00016397326688211597,0.7664205757724895,0.09926990969698168
437,0.15540784541403396,0.014810490481102574,0.00012946854365957457,0.7252613901107903,0.10439080545041357
438,0.3665175960503872,0.02236248582786346,0.0003410769669377655,0.5483190459402923,0.06245979521451912
439,0.29807559637248604,0.015078240358635238,8.878014223176654e-05,0.6588683576765589,0.027889025450087892
440,0.14159954016960072,0.020656613584255756,0.00015686813549761088,0.8192595615217083,0.01832741658893754
441,0.15786430759057998,0.0333260204120276,0.00019749331566641334,0.787145257694381,0.02146692098734509
442,0.11032788355320851,0.023275768663733536,0.00018002277426938532,0.8357150365609155,0.030501288447873188
443,0.2147753402253716,0.043320665202882844,0.00025665774445096504,0.6877947424223978,0.053852594404896724
444,0.12206549449016267,0.0654178993819667,0.00013567551588182758,0.7427567832001648,0.06962414741182402
445,0.06258513226966109,0.01638231625380838,0.00013613099347073082,0.2778084474609466,0.6430879730221133
446,0.5746999917526934,0.04914788720570158,0.00021061380230643614,0.3243329624048045,0.05160854483449421
447,0.5824965654059997,0.051117821645634644,0.00019816643212556,0.31316906283467355,0.05301838368156642
448,0.4223388432481788,0.1077206875670431,0.00039095464694418366,0.4431625835842445,0.026386930953589575
449,0.13112983028043565,0.41367810731799265,0.0014907647282022094,0.4217632308277478,0.03193806684562171
450,0.1444622015177573,0.152608999942557,0.00036376542239121234,0.6931414764859595,0.009423556631334935
451,0.10635109779152759,0.15409135441031638,0.0003953572201918831,0.7307295383058239,0.008432652272140266
452,0.15149468303549576,0.17745309530955602,0.0004056504171677044,0.643399735691139,0.02724683554664155
453,0.06289880684473906,0.04317186767720674,0.00011736750567577784,0.8902713596738542,0.0035405982985243704
454,0.0832627326414654,0.10435348501745169,0.0002521899352804331,0.8076955310627523,0.0044360613430502105
455,0.08608835132131035,0.10811402806078813,0.0001643899806883144,0.8008445020673313,0.004788728569881972
456,0.07261203117384435,0.06519612026473041,0.0001574500937314869,0.8567946744406828,0.005239724027011055
457,0.04957533522734673,0.0610899074523088,0.00022600165122569756,0.8843941212008274,0.004714634468291369
458,0.07512990894371308,0.1340864743589418,0.0003675766387830082,0.7861263336717728,0.004289706386789244
459,0.07487784423872633,0.2625922702659554,0.0009855258781858308,0.6565037366185806,0.0050406229985518
460,0.1616672430777615,0.2526840389905474,0.0012147741279748493,0.15344246919509003,0.4309914746086263
461,0.42457560362315183,0.33314469294155935,0.00031673652347778225,0.2192943646679232,0.022668602243887902
462,0.3951318697201913,0.4912137220394805,0.0011202572134778647,0.10486852397405051,0.007665627052800008
463,0.15660566812188015,0.785374737178464,0.001059814829872407,0.052470150048962994,0.004489629820820595
464,0.04988859156363942,0.8543293529220075,0.0010146360175791124,0.09204487961239427,0.0027225398843796845
465,0.06333042474040126,0.8387513599176107,0.000923431999060426,0.09478209255490118,0.002212690788026432
466,0.09232366123252919,0.8132016495856531,0.0009332814729173007,0.08986751549715773,0.0036738922117427572
467,0.03711888941329869,0.9257087736904733,0.0011826162769347957,0.03480373420647955,0.001185986412813644
468,0.047622769572394225,0.9187015759391912,0.003754119928625091,0.026142833892754427,0.0037787006670349935
469,0.07646059793567793,0.9078421853284305,0.0026335521847063352,0.007923597148514573,0.005140067402670515
470,0.1253620241989893,0.8400875993478717,0.0012698620214352337,0.027886114915803232,0.0053943995159004415
471,0.1418220651251706,0.8101522240015836,0.00176215534118575,0.04271648373008915,0.0035470718019706797
472,0.04962469100810599,0.926039726592876,0.004255511047695259,0.016054088002067448,0.004025983349255164
473,0.22835858784264446,0.363629689989076,0.0021324607014121346,0.01977813541452755,0.3861011260523398
474,0.11280680467018196,0.8651848650872256,0.001346413459717897,0.013717542588008273,0.006944374194866407
475,0.07335294825538313,0.9128062236850124,0.002426772194646736,0.007809135975270432,0.003604919889687206
476,0.35065440326579506,0.5965033776641678,0.0011262261646331159,0.04591092876617814,0.005805064139225882
477,0.19297600758704261,0.7084721752015012,0.0009658936478483983,0.09325310279975425,0.004332820763853567
478,0.06737718125326132,0.8974593432381547,0.001946935741398241,0.030913096471068897,0.0023034432961165814
479,0.13390380020608533,0.8094478950500097,0.003368678187359467,0.048794364646909574,0.004485261909636
480,0.08533941557823263,0.8888522377015331,0.0028449795507361777,0.019944449770516834,0.0030189173989814233
481,0.07056410324094298,0.8947323235356528,0.013906695670435067,0.015512372423386283,0.005284505129582899
482,0.17857969406922,0.701565020330596,0.04218997950234748,0.012181101927928716,0.0654842041699078
483,0.2424396555538845,0.6645138624768532,0.029402160834458756,0.04082587919641541,0.022818441938388116
484,0.10690756853863866,0.8442704937661478,0.022560013572734128,0.019203983259813925,0.007057940862665583
485,0.09013165753956831,0.8672045397577627,0.017152970549084778,0.018076046304954917,0.007434785848629408
486,0.026774144804770354,0.927405680648095,0.03401952392244293,0.004053365626179765,0.007747284998511808
487,0.08692839257237181,0.8820401524338173,0.021394171636373915,0.001971940633148343,0.0076653427242884984
488,0.031158695940710055,0.8517668684042675,0.09006450778964167,0.008249198551564646,0.018760729313816057
489,0.027238479057252574,0.9032411069421964,0.05683786916475172,0.0013515019245850688,0.011331042911214229
490,0.0598397796832485,0.7710685456091313,0.07376237152901984,0.0059129423936704235,0.08941636078493016
491,0.06381265985292249,0.7428828190954366,0.10036653851067848,0.0075616024207005705,0.08537638012026183
492,0.06024450383323755,0.7544313525999694,0.12390211895924687,0.0016164376650251524,0.059805586942521055
493,0.21724376360772799,0.16089577169378866,0.0015231438438792163,0.0017191905334209873,0.6186181303211831
494,0.2839657356453157,0.5789779412863643,0.02791757435972024,0.004949836176292164,0.10418891253230751
495,0.04565681222826739,0.8610160409967523,0.08282209289623207,0.0007430111439215139,0.00976204273482666
496,0.14407859641709167,0.8130424453838913,0.02671048012355317,0.001729466370973101,0.014439011704490724
497,0.024930173648217323,0.734365209684631,0.19368100954924156,0.005320842338949606,0.0417027647789604
498,0.09443819039160509,0.32823250287161815,0.012865751454824019,0.0016480695981235434,0.5628154856838292
499,0.02366949207428461,0.8957152198085345,0.04017049255183654,0.0033568097491689275,0.037087985816175444
500,0.02903042470450445,0.7171768092538439,0.14409794379733676,0.005770522534023849,0.10392429971029092
501,0.009326639461167931,0.8028315182624606,0.1711820606253471,0.00042488740148402196,0.016234894249540145
502,0.013480390757704736,0.603862259866237,0.36942236943461343,0.000892512046860699,0.01234246789458425
503,0.020982985785219215,0.8320035062084868,0.12529445729549873,0.004126494295275371,0.017592556415519947
504,0.03245337441512326,0.7874055470610591,0.11435467443188307,0.008919832591364892,0.05686657150056966
505,0.03385666370376487,0.7940216009500877,0.11163170426754937,0.008810956002437975,0.05167907507616008
506,0.037095978415795566,0.8339425974903398,0.11762200062963366,0.0011825718827724347,0.010156851581458685
507,0.02432453306849727,0.8715344306802802,0.08045798454886635,0.0024133607292671938,0.021269690973088947
508,0.08333239731334696,0.8195042995590728,0.04393577243801446,0.006541521792710246,0.0466860088968557
509,0.10004203826643315,0.6733719714879957,0.06700551167761992,0.014125274346373192,0.14545520422157793
510,0.13737839644466646,0.7142852110773511,0.024571688777993247,0.03829598299618057,0.08546872070380852
511,0.027965285430387874,0.8712013715421091,0.07409959894073563,0.0036582116796895167,0.02307553240707798
512,0.05868917455743957,0.7879761154408529,0.048382584845514255,0.031242345833021396,0.07370977932317187
513,0.007607150031756324,0.007178819095891179,0.0017862534583732107,0.001998509183787234,0.981429268230192
514,0.022260663509777557,0.008077442221242796,0.0002811081129351312,0.0019170462191424053,0.9674637399369022
515,0.16408127960211413,0.02058243466308061,7.693982882347464e-05,0.004299799903469952,0.8109595460025119
516,0.36643596135996986,0.07375854969573788,0.002136686965519831,0.01949703628585532,0.5381717656929171
517,0.49149616428719733,0.0648224538875036,0.0002699116271184937,0.015490712593715478,0.4279207576044651
518,0.13517068268138976,0.041646331524347546,0.00079635581251849,0.03783216081730173,0.7845544691644424
519,0.06706710357064762,0.058505242010950816,0.0011914626219969126,0.014220263494272445,0.8590159283021322
520,0.08373967012860231,0.02138023194309132,0.000312371305670354,0.00859838720745978,0.8859693394151762
521,0.4939746105249661,0.08018149207483408,0.001075836180084036,0.03597667602810905,0.38879138519200657
522,0.47630644277985795,0.3463855816706433,0.0043127568573759325,0.07367406050803539,0.09932115818408743
523,0.17856653593588925,0.7126106616253204,0.017213696219503673,0.06385473514840917,0.027754371070877356
524,0.18386788846135288,0.5514894032756819,0.010452019959620197,0.20765989827529596,0.04653079002804907
525,0.2340205983214205,0.6233981896061954,0.016537273163730354,0.10117040212188112,0.024873536786772576
526,0.07244796382038492,0.7254343510558179,0.014483926118384005,0.17534254234390637,0.012291216661506855
527,0.1591510247620275,0.747143770862721,0.027352009446229612,0.0537664872791491,0.01258670764987283
528,0.18818998483367033,0.6712150689734501,0.05392855220609755,0.07283802057630814,0.01382837341047398
529,0.07120691253653155,0.8022703509505171,0.03490942590627594,0.07186915980795909,0.01974415079871623
530,0.10504821313927563,0.8273982991366494,0.04500237958758575,0.016231576892473353,0.006319531244015931
531,0.08435693159667719,0.8249278153216724,0.053577831774996046,0.029668392558310715,0.007469028748343644
532,0.04946503444183129,0.8719505834478026,0.04689509115437011,0.0159069225315746,0.015782368424421198
533,0.13073291482490404,0.323031327280854,0.024194191024663785,0.020189473945892964,0.5018520929236852
534,0.21160959265142132,0.74196232843215,0.018988087807174165,0.00765388399234582,0.01978610711690867
535,0.17446265707376288,0.7492665567148443,0.04727605453580565,0.0171972936657621,0.01179743800982507
536,0.20064982182059468,0.7659205026768944,0.009224733029320503,0.010761562967962119,0.013443379505228252
537,0.11266352370994064,0.8018374777128229,0.011759127798566173,0.049673606486891494,0.02406626429177868
538,0.22499369199970773,0.6477166290404128,0.028421662897389396,0.038983536324749414,0.0598844797377407
539,0.040032605970060815,0.02195662111949637,0.0005293353807958361,0.002602581294113696,0.9348788562355334
540,0.6940411004603222,0.20255782113783186,0.0018678218653954124,0.012987684380255451,0.08854557215619503
541,0.43275743689855656,0.5231195066391294,0.0020899134894511243,0.013281852273673114,0.02875129069918979
542,0.15600975591146715,0.8099659212109789,0.012133933510009392,0.010983278924118453,0.01090711044342607
543,0.08606477627522624,0.8465586198875443,0.02019409726236872,0.031145292176603286,0.016037214398257393
544,0.10537746632517929,0.7614654841048901,0.012078144244943646,0.10628127091263675,0.014797634412350172
545,0.03792777135256722,0.886179284893298,0.022396798987350006,0.039340920006975866,0.014155224759808824
546,0.3930024146641656,0.12144672605544324,0.0011109470614395051,0.06944091578193715,0.41499899643701443
547,0.25168891374517166,0.6354936208484426,0.003984935773817934,0.091079257492832,0.01775327213973572
548,0.1706505222941981,0.7806470679086165,0.01355013024890286,0.02253956183067207,0.012612717717610472
549,0.1299414309278366,0.8231760546159875,0.018880131813717508,0.01876830240754883,0.009234080234909344
550,0.2023322875963072,0.7476316927266338,0.015364146027840867,0.024405060243185797,0.010266813406032322
551,0.06449080760243381,0.8829681669900359,0.04032620709591453,0.00634978915805018,0.005865029153565684
552,0.14069990740059282,0.808156320336811,0.01781573380019027,0.022899752446081553,0.010428286016324392
553,0.06394685838619335,0.7862798592297657,0.06285706489405755,0.011701346659119847,0.0752148708308634
554,0.14896247086371509,0.31150097668961785,0.040763127907780757,0.007268069117502828,0.4915053554213834
555,0.5049022705854127,0.12605825742675564,0.00102426919403489,0.015459597602675188,0.35255560519112167
556,0.26902726584720255,0.6707703690346676,0.01974625707159253,0.015559007376067536,0.024897100670469723
557,0.1529738442513188,0.7735179044134511,0.02265268316347331,0.03111593630348338,0.01973963186827313
558,0.05440182759910529,0.8940166046076231,0.01935703132105944,0.02034426133402439,0.011880275138187762
559,0.06024747078766736,0.11007819163428789,0.019856932747126056,0.014021334405472537,0.7957960704254461
560,0.245920805620112,0.13137115034529204,0.008735247729836523,0.01525060252803929,0.5987221937767201
561,0.31517760565534086,0.6478556973176923,0.016038738913511694,0.005308542417167124,0.015619415696287987
562,0.21359910387281184,0.7635250638505456,0.016714251191597137,0.0016809673237064174,0.004480613761339151
563,0.24323550214395942,0.7042938308477964,0.035493147662723136,0.009905244223191986,0.0070722751223290465
564,0.06577018947695222,0.8708030156439593,0.04639543104123882,0.011142958639383164,0.005888405198466616
565,0.04468520682768759,0.8362728542458603,0.06924623326783057,0.03960642889940928,0.01018927675921226
566,0.026798150960732743,0.8712567209339522,0.06923852657193755,0.021669759259215646,0.011036842274161884
567,0.1439133817701489,0.7670985580502291,0.025208659665281033,0.029822839356882996,0.03395656115745803
568,0.21542807060929034,0.6833608041044903,0.004258834044632946,0.04815099421735333,0.04880129702423315
569,0.13164817735301754,0.7812182491817498,0.014453554679396094,0.03592751864456995,0.036752500141266665
570,0.08309913761531779,0.8290290715060346,0.02140183408951469,0.04517033838729426,0.02129961840183885
571,0.08104138384114518,0.7570223280131695,0.014730368600366969,0.0538698200852314,0.09333609946008707
572,0.007923163485384967,0.02085053847574947,0.0029211787061798854,0.002747513084616227,0.9655576062480695
573,0.004748597854723057,0.0018559231629674466,0.0002743741284368987,0.0009609798356157581,0.9921601250182569
574,0.04297634251431435,0.004046767960088053,0.0004228027184002088,0.003622464444785462,0.9489316223624119
575,0.003194257740239617,0.00039357859469494157,1.2435290929921783e-05,0.00026705539958907524,0.9961326729745466
576,0.0020202084387098726,0.0002690131954891045,8.537959066370135e-06,0.0005101919462141117,0.9971920484605206
577,0.0030993026744135436,0.0002748935315448352,3.435350059873613e-06,0.0006277709886436458,0.995994597455338
578,0.01065286332123968,0.0008549499075437739,8.496875000156244e-06,0.0032423965242018354,0.9852412933720146
579,0.011653456010744148,0.0028524614545292915,6.945058074707612e-06,0.00736458738457544,0.9781225500920764
580,0.03798438410816345,0.002983428168570775,1.3639380288062233e-05,0.0267227258877245,0.9322958224552532
581,0.006184335230989252,0.0023377303005852027,5.412512206939276e-06,0.009098669570527667,0.982373852385691
582,0.008574726573347633,0.0028897480316091117,5.928348979915715e-06,0.01261329822823872,0.9759162988178245
583,0.09500496130988229,0.008808867989740388,2.3872824402659804e-05,0.034278591837287674,0.861883706038687
584,0.23119721052344716,0.01635284919820019,6.656671386635303e-05,0.03935607543573435,0.713027298128752
585,0.1221956411487658,0.00457379071756207,1.3360570422202212e-05,0.026780638219674947,0.846436569343575
586,0.310972469077573,0.008741868844364623,3.872345634673037e-05,0.06255291765201215,0.6176940209697035
587,0.470245492359526,0.017565643352654686,0.00011184647121425448,0.18072219972225634,0.3313548180943488
588,0.3227703341981559,0.32942694319091664,0.0007529997435207623,0.19763128681270056,0.1494184360547061
589,0.29100288495897797,0.14572310300010516,0.0005519172086099024,0.5016222171820979,0.06109987765020907
590,0.13025232881048854,0.4283438024474683,0.002095562459870009,0.3629102955764869,0.07639801070568626
591,0.12211562368384161,0.6131965753768053,0.0014889491278779888,0.24741857388430788,0.01578027792716736
592,0.09052778801984253,0.49851576732404956,0.00138859910084111,0.3979237006349116,0.011644144920354973
593,0.09469285348864993,0.5884265457945375,0.0027726959618315596,0.300094018800119,0.014013885954862061
594,0.056285656240264874,0.6686145606340745,0.0021705958220668083,0.2592424322871472,0.013686755016446384
595,0.06367720895863078,0.7584094103360266,0.00498857822848381,0.16401292084334398,0.008911881633514827
596,0.08182036487352556,0.704999412297442,0.0008860511382133972,0.1458068831557954,0.06648728853502378
597,0.11115652063432992,0.6121652580787043,0.0012479888893626567,0.260023035332132,0.015407197065471154
598,0.08590816222783235,0.707375853984854,0.0019040766844162199,0.19576227576332889,0.009049631339568409
599,0.032847852972162944,0.9143144321849497,0.018603994049936828,0.026535739521074325,0.007697981271876092
600,0.1263614816051504,0.2831224129582905,0.001935068016943624,0.4529385702268688,0.13564246719274656
601,0.1431292496486029,0.41972971389539304,0.003916144415362011,0.41301466916827884,0.020210222872363178
602,0.09555172119198058,0.5430375446926585,0.004530901253051184,0.3405407202695777,0.016339112592731974
603,0.08950005368009223,0.12080895277845716,0.0009080756640708997,0.7663083266076423,0.0224745912697375
604,0.05084946625464448,0.07076861203332406,0.0008239239040868716,0.8664864982484176,0.011071499559527057
605,0.02970256767964346,0.01769760302639245,0.00014296713094675978,0.9434923085899898,0.008964553573027403
606,0.03649493526596457,0.027687187280646727,0.00022553844852592442,0.8889644678510501,0.04662787115381271
607,0.0986550512823644,0.044758901370089935,0.0003600664882492351,0.8430103684539817,0.013215612405314816
608,0.17049685221637992,0.038327415150088674,0.0004944060940269761,0.7482726278615958,0.042408698677908675
609,0.10962468732043863,0.0367225045816763,0.0003261132349744702,0.8337937222699112,0.019532972592999343
610,0.05803785536590592,0.02616255277642539,0.0001860905398508784,0.9072721354516541,0.008341365866163731
611,0.06753602186873142,0.02458584144010993,0.0002512979613063793,0.8892097641927543,0.018417074537097886
612,0.07111876985755294,0.11524088102159417,0.00027467325983670274,0.7693103834783693,0.04405529238264677
613,0.07508585132259223,0.023548283540803457,0.00014236790675418008,0.8743372241083416,0.026886273121508694
614,0.08050317837579433,0.025814199984776787,5.6837506715332737e-05,0.8576704164997272,0.03595536763298642
615,0.12799329379553898,0.026572789429309795,4.741217523586273e-05,0.7778481937618146,0.06753831083810073
616,0.1414866314531643,0.024142097786184005,4.106617308133275e-05,0.8051936568378415,0.029136547749728854
617,0.2382729199032548,0.01937333849610803,0.00011635528341425773,0.7127204436783573,0.029516942638865624
618,0.18362238984348692,0.02674125763777296,0.0001068351013227121,0.7564446840618115,0.033084833355605824
619,0.13692834183979283,0.02620628692433939,0.00020183251360912492,0.821803290515681,0.014860248206577545
620,0.034024941245098764,0.0157405831085692,0.00013787738379284183,0.9294296876969071,0.020666910565632052
621,0.07267738006921205,0.016228388185756153,0.00010461837331629728,0.8855011195005896,0.025488493871125874
622,0.0654771283994738,0.03352545230526354,0.00020839642131091605,0.8772299623849487,0.023559060489003168
623,0.0858794791164259,0.019231888839633546,0.00012976455800112245,0.8704861194362264,0.02427274804971299
624,0.08339697389948222,0.026920087376949873,0.0001950087348808859,0.8786861879467929,0.010801742041894177
625,0.06838790450195872,0.042368963267808556,0.000370694484342899,0.8708131250996077,0.018059312646282143
626,0.059118582023803275,0.02198817316273879,0.0002426266276787724,0.9025229296497241,0.016127688536054997
627,0.06698229511886153,0.01655226287952421,0.00013949295257788114,0.898570859539625,0.017755089509411286
628,0.10004144495313727,0.03438667529040165,0.00010793210340688295,0.8394553965560975,0.02600855109695675
629,0.14211178464876767,0.02545348805778954,0.00013265775183106683,0.8223497808025684,0.009952288739043417
630,0.16066333701926,0.0546822686602445,0.0002188614251620268,0.7611824836926476,0.02325304920268582
631,0.08732510427550176,0.026836465700159615,0.00025264326881888256,0.875943871962332,0.00964191479318778
632,0.07026076936367305,0.02219933311202589,0.00018346689658681705,0.8960243097525015,0.011332120875212789
633,0.06290746542538966,0.044126374183709585,0.00013812626158201551,0.8729735471626036,0.019854486966715254
634,0.06398513077813732,0.029095723722345816,2.6896196191499795e-05,0.88742175657277,0.01947049273055535
635,0.08139808312005467,0.01750054398505811,4.494179283182328e-05,0.8744345793014721,0.02662185180058328
636,0.1687694858186832,0.035191050970013404,6.095476714088063e-05,0.7775268821240775,0.018451626320084954
637,0.21063812064000637,0.06613938914796424,0.00019509761716553375,0.7009754189900149,0.02205197360484909
638,0.1144935911032239,0.025899957547137864,9.660745308454198e-05,0.8354757476488875,0.024034096247666035
639,0.07492133998111634,0.03681997577065702,3.269827132691165e-05,0.8658056102185435,0.02242037575835602
640,0.23846558697788917,0.11421782043179952,0.0002938813431833177,0.6194910277883886,0.027531683458739537
641,0.21025898707597798,0.09963354999123247,0.00011395083899231684,0.6746208471208124,0.015372664972984939
642,0.22857002366046816,0.48675792599979634,0.001768587449344628,0.2433195675187714,0.039583895371619486
643,0.1547625382967733,0.21453390390560623,0.00024502809350837677,0.6142367687317905,0.01622176097232175
644,0.18406927172227358,0.08301886361710818,0.00035318729397297355,0.7147623009937459,0.01779637637289938
645,0.15137893370589192,0.323748241551367,0.0008151861354297684,0.48530010262279877,0.03875753598451264
646,0.19934062304081948,0.12111347458021006,0.0003072499350334108,0.6652037406910142,0.014034911752922968
647,0.1128219873006834,0.6574155334146033,0.0014740245810422532,0.2092539185110621,0.01903453619260883
648,0.15939359472725056,0.5701469042572486,0.0015522613023786313,0.21871154749207394,0.05019569222104814
649,0.17987034149856662,0.5826011934319628,0.0005007215153307519,0.20033252261350104,0.03669522094063889
650,0.1318207043438364,0.7474956296733283,0.0006727715646878982,0.10742275827035813,0.012588136147789208
651,0.17761658016405968,0.5589740366799896,0.0003861813895648756,0.2358107077482694,0.02721249401811644
652,0.2850849613488525,0.24896503679930246,0.0002881538340440031,0.4341837195795662,0.031478128438235026
653,0.036575128669794475,0.9088451621087217,0.0007685116356077742,0.049551721194472986,0.004259476391403221
654,0.05268689522262429,0.8706808268336177,0.0010640773081894252,0.065687746428068,0.00988045420750041
655,0.18122311983521447,0.22665079292763848,0.0003679600966116726,0.15116529421384398,0.4405928329266915
656,0.351525061075379,0.2939552802619965,0.00042313895673786774,0.32142789058109233,0.03266862912479417
657,0.21962435922350718,0.5384189940447235,0.0006113105242087888,0.22560367698951295,0.015741659218047516
658,0.20325478390304,0.5761955486471182,0.0005727439440326509,0.19614725910115677,0.02382966440465242
659,0.10089780762917203,0.442951438091127,0.0009970468718039406,0.43310949255220865,0.022044214855688294
